[decumano-2.jpg;filename_=UTF-8''decumano-25cbb.jpg]
filters=tilt=1,-0.138374,0.000000;tilt=1,0.019723,0.000000;tilt=1,-0.035611,0.000000;tilt=1,0.019723,0.000000;tilt=1,-0.027706,0.000000;
moddate=0000363d98d30000
width=1000
height=667
textactive=0
[decumano-2.jpg;filename_=UTF-8''decumano-25cbb copia.jpg]
filters=tilt=1,-0.067230,0.000000;tilt=1,-0.035611,0.000000;
moddate=0000713d98d30000
width=1000
height=667
textactive=0
